0.0,0.0,10,0.4,894
1.9979999999999443e-05,1.999979999989243e-05,10,0.4,894
0.0,0.0,10,0.4,894
0.0,0.0,10,0.4,894
