100000,10,0.001,829
100000,10,0.001,829
100000,10,0.001,829
100000,10,0.001,829
100000,10,0.001,829
99999,10,0.001,829
1,10,0.001,829
100000,10,0.001,829
100000,10,0.001,829
100000,10,0.001,829
